# GIMP colorrc
# 
# This file holds a list of recently used colors.

(color-history
    (color-rgba 0.662745 0.725490 0.674510 1.000000)
    (color-rgba 0.000000 0.000000 0.000000 1.000000)
    (color-rgba 0.114155 0.114155 0.114155 1.000000)
    (color-rgba 0.262745 0.462745 0.474510 0.000000)
    (color-rgba 1.000000 0.000000 0.000000 1.000000)
    (color-rgba 0.041464 0.388250 0.561644 1.000000)
    (color-rgba 1.000000 1.000000 1.000000 0.000000)
    (color-rgba 0.074510 0.074510 0.772549 1.000000)
    (color-rgba 0.264534 0.463515 0.474886 1.000000)
    (color-rgba 0.301961 0.576471 0.592157 0.000000)
    (color-rgba 0.301961 0.572549 0.596078 1.000000)
    (color-rgba 0.298039 0.572549 0.588235 1.000000)
    (color-rgba 0.074510 0.772549 0.737255 0.000000)
    (color-rgba 0.074510 0.772549 0.737255 1.000000)
    (color-rgba 0.984314 0.964706 0.713725 1.000000)
    (color-rgba 0.050980 0.745098 0.909804 0.000000)
    (color-rgba 0.996078 0.854902 0.000000 1.000000)
    (color-rgba 0.160784 0.164706 0.176471 1.000000)
    (color-rgba 0.122705 0.123993 0.127854 1.000000)
    (color-rgba 0.270588 0.270588 0.270588 1.000000)
    (color-rgba 1.000000 1.000000 1.000000 1.000000)
    (color-rgba 0.184314 0.203922 0.247059 1.000000)
    (color-rgba 0.538813 0.285679 0.309915 1.000000)
    (color-rgba 0.047059 0.047059 0.047059 0.000000)
    (color-rgba 0.749020 0.380392 0.415686 1.000000)
    (color-rgba 0.589041 0.509975 0.351843 1.000000)
    (color-rgba 0.000000 0.000000 0.000000 0.000000)
    (color-rgba 0.921569 0.796079 0.545098 1.000000)
    (color-rgba 0.407843 0.474510 0.349020 0.000000)
    (color-rgba 0.407764 0.474886 0.350587 1.000000)
    (color-rgba 0.062745 0.384314 0.552941 1.000000)
    (color-rgba 0.048604 0.387586 0.557078 1.000000)
    (color-rgba 0.184314 0.215686 0.262745 1.000000)
    (color-rgba 0.439216 0.337255 0.200000 1.000000)
    (color-rgba 0.372549 0.380392 0.396078 0.000000)
    (color-rgba 0.976471 0.980392 0.992157 0.000000)
    (color-rgba 0.372549 0.380392 0.396078 1.000000)
    (color-rgba 0.007843 0.007843 0.007843 1.000000)
    (color-rgba 0.086758 0.086758 0.086758 1.000000))

# end of colorrc
